v = [2 3 4 4 20 30 50 80 100 300 500]
v1 = v(1:4)
v2 = v(5:8)
v3 = v(8:11)